9	 
31	 
101	 
345	 
360	 
370	 
413	 
505	 
544	 
565	 
580	 
636	 
663	 
689	 
715	 
720	 
768	 
786	 
819	 
921	 
937	 
952	 
961	 
1079	 
1092	 
1123	 
1174	 
1284	 
1331	 
1332	 
1390	 
1440	 
1521	 
1526	 
1575	 
1663	 
1704	 
1724	 
1832	 
1833	 
1890	 
1895	 
1992	 
2014	 
2074	 
2099	 
2116	 
2143	 
2148	 
2310	 
2355	 
2357	 
2362	 
2617	 
2706	 
2724	 
2755	 
2779	 
2798	 
3047	 
3150	 
3250	 
3302	 
3363	 
3539	 
3622	 
3673	 
3722	 
3764	 
3771	 
3813	 
3841	 
3867	 
3893	 
3903	 
3920	 
3999	 
4020	 
4064	 
4158	 
4177	 
4183	 
4196	 
4230	 
4270	 
4333	 
4394	 
4504	 
4511	 
4547	 
4644	 
4668	 
4705	 
4734	 
4741	 
4780	 
4797	 
4849	 
4927	 
5090	 
5254	 
5297	 
5328	 
5351	 
5434	 
5465	 
5491	 
5570	 
5577	 
5608	 
5749	 
5764	 
5786	 
5849	 
5853	 
5989	 
6038	 
6109	 
6168	 
6183	 
6186	 
6588	 
6592	 
6606	 
6718	 
6760	 
6904	 
7059	 
7110	 
7181	 
7260	 
7298	 
7375	 
7381	 
7392	 
7413	 
7468	 
7607	 
7629	 
7633	 
7659	 
7693	 
7703	 
7755	 
7798	 
7900	 
7901	 
7910	 
7933	 
7947	 
8068	 
8116	 
8210	 
8237	 
8416	 
8440	 
8445	 
8470	 
8541	 
8775	 
8898	 
8984	 
9052	 
9090	 
9105	 
9136	 
9267	 
9268	 
9271	 
9294	 
9299	 
9372	 
9374	 
9426	 
9504	 
9594	 
9653	 
9686	 
9790	 
9897	 
9924	 
10011	 
10032	 
10045	 
10111	 
10149	 
10280	 
10322	 
10379	 
10577	 
10749	 
10800	 
10811	 
10847	 
11041	 
11065	 
11080	 
11090	 
11343	 
11349	 
11388	 
11589	 
11643	 
11675	 
11684	 
11687	 
11697	 
11722	 
11757	 
11764	 
11944	 
11962	 
12017	 
12028	 
12344	 
12426	 
12479	 
12487	 
12526	 
12572	 
12608	 
12645	 
12661	 
12752	 
12767	 
12772	 
13127	 
13238	 
13256	 
13301	 
13308	 
13364	 
13471	 
13600	 
13602	 
13611	 
13646	 
13664	 
13710	 
13781	 
13826	 
13891	 
13930	 
13985	 
13994	 
14118	 
14169	 
14197	 
14402	 
14482	 
14514	 
14524	 
14603	 
14628	 
14655	 
14692	 
14755	 
14761	 
14762	 
14824	 
14854	 
14862	 
14947	 
14990	 
15017	 
15038	 
15046	 
15183	 
15208	 
15246	 
15270	 
15328	 
15395	 
15547	 
15624	 
15629	 
15647	 
15653	 
15665	 
15666	 
15903	 
15984	 
16076	 
16117	 
16141	 
16199	 
16265	 
16288	 
16301	 
16409	 
16419	 
16469	 
16612	 
16633	 
16700	 
16726	 
16916	 
16929	 
17053	 
17097	 
17145	 
17165	 
17190	 
17226	 
17278	 
17300	 
17423	 
17461	 
17606	 
17655	 
17696	 
17786	 
17809	 
17860	 
17929	 
17964	 
17996	 
18078	 
18166	 
18219	 
18353	 
18401	 
18403	 
18434	 
18456	 
18468	 
18557	 
18671	 
18696	 
18731	 
18753	 
18773	 
18864	 
18951	 
18976	 
18982	 
19039	 
19080	 
19138	 
19164	 
19201	 
19208	 
19243	 
19306	 
19405	 
19406	 
19408	 
19432	 
19494	 
19582	 
19632	 
19646	 
19717	 
19729	 
19763	 
19826	 
19911	 
19959	 
20061	 
20128	 
20181	 
20327	 
20403	 
20411	 
20459	 
20534	 
20751	 
20769	 
20790	 
20991	 
21046	 
21057	 
21072	 
21104	 
21150	 
21273	 
21280	 
21322	 
21467	 
21622	 
21658	 
21698	 
21830	 
21864	 
21948	 
21965	 
21974	 
22015	 
22077	 
22140	 
22384	 
22389	 
22394	 
22395	 
22453	 
22592	 
22615	 
22774	 
22856	 
22859	 
22897	 
23047	 
23056	 
23131	 
23172	 
23230	 
23275	 
23306	 
23327	 
23335	 
23502	 
23547	 
23558	 
23615	 
23635	 
23652	 
23720	 
23781	 
23799	 
23824	 
23825	 
23838	 
23887	 
23891	 
23946	 
23965	 
23988	 
24031	 
24074	 
24119	 
24143	 
24150	 
24324	 
24388	 
24398	 
24510	 
24600	 
24632	 
24645	 
24718	 
24747	 
24756	 
24902	 
24930	 
24984	 
25069	 
25073	 
25097	 
25141	 
25173	 
25297	 
25360	 
25400	 
25482	 
25489	 
25498	 
25524	 
25591	 
25659	 
25760	 
25839	 
25853	 
25871	 
25915	 
25935	 
25952	 
25970	 
26001	 
26118	 
26183	 
26229	 
26230	 
26264	 
26311	 
26320	 
26392	 
26485	 
26489	 
26544	 
26555	 
26588	 
26701	 
26716	 
26829	 
26937	 
27041	 
27051	 
27162	 
27175	 
27280	 
27421	 
27452	 
27517	 
27905	 
27942	 
28045	 
28450	 
28503	 
28525	 
28531	 
28568	 
28648	 
28808	 
28815	 
28848	 
28926	 
29058	 
29122	 
29139	 
29279	 
29316	 
29338	 
29472	 
29514	 
29668	 
29703	 
29859	 
29947	 
30008	 
30012	 
30044	 
30188	 
30193	 
30226	 
30558	 
30608	 
30690	 
30695	 
30845	 
31341	 
31700	 
31822	 
31869	 
31886	 
31895	 
31935	 
32156	 
32247	 
32261	 
32305	 
32315	 
32408	 
32420	 
32746	 
