345	 
413	 
689	 
720	 
819	 
1079	 
1284	 
1331	 
1521	 
1704	 
1832	 
1833	 
2014	 
2148	 
2310	 
2617	 
2706	 
2755	 
3047	 
3302	 
3673	 
3722	 
3813	 
3841	 
3893	 
3903	 
3920	 
4158	 
4196	 
4333	 
4394	 
4644	 
4668	 
4780	 
5090	 
5254	 
5570	 
5849	 
6168	 
6606	 
6718	 
6904	 
7110	 
7413	 
7468	 
7633	 
7659	 
7693	 
7900	 
7901	 
7910	 
8898	 
9105	 
9374	 
9504	 
9594	 
9653	 
9790	 
9924	 
10011	 
10032	 
10045	 
10280	 
11343	 
11687	 
11697	 
11764	 
12017	 
12526	 
12608	 
12645	 
12661	 
12752	 
13301	 
13600	 
13664	 
13710	 
13985	 
14169	 
14854	 
14990	 
15038	 
15046	 
15183	 
16726	 
16929	 
17226	 
17300	 
17423	 
17929	 
17996	 
18403	 
18468	 
18557	 
18976	 
19039	 
19164	 
19201	 
19408	 
19494	 
19729	 
19911	 
20534	 
20790	 
21280	 
21322	 
21948	 
22077	 
22384	 
22389	 
22394	 
22395	 
22453	 
22592	 
23306	 
23335	 
23547	 
23615	 
24031	 
24074	 
24150	 
24747	 
24756	 
24930	 
25498	 
25760	 
25915	 
25952	 
26118	 
26229	 
26392	 
26485	 
26489	 
26544	 
26555	 
26701	 
26716	 
26829	 
27051	 
27175	 
27280	 
27421	 
27452	 
27905	 
27942	 
28815	 
28848	 
28926	 
29058	 
29279	 
29338	 
29514	 
29668	 
30845	 
31341	 
31935	 
32746	 
