345	 
413	 
689	 
720	 
819	 
1027	 
1079	 
1284	 
1331	 
1521	 
1704	 
1832	 
1833	 
2014	 
2053	 
2148	 
2310	 
2496	 
2580	 
2617	 
2706	 
2734	 
2755	 
2855	 
3047	 
3145	 
3302	 
3673	 
3722	 
3813	 
3841	 
3893	 
3903	 
3920	 
4158	 
4196	 
4333	 
4394	 
4500	 
4644	 
4668	 
4780	 
4949	 
5039	 
5090	 
5254	 
5388	 
5570	 
5849	 
6168	 
6218	 
6606	 
6718	 
6904	 
7110	 
7304	 
7354	 
7413	 
7466	 
7468	 
7633	 
7659	 
7693	 
7900	 
7901	 
7910	 
8070	 
8333	 
8489	 
8898	 
9105	 
9208	 
9266	 
9374	 
9504	 
9505	 
9594	 
9653	 
9790	 
9924	 
9973	 
10011	 
10032	 
10045	 
10056	 
10280	 
10693	 
11135	 
11343	 
11454	 
11687	 
11697	 
11764	 
12017	 
12526	 
12608	 
12645	 
12661	 
12752	 
12770	 
13301	 
13495	 
13600	 
13664	 
13710	 
13985	 
14169	 
14561	 
14854	 
14990	 
15038	 
15046	 
15183	 
16194	 
16426	 
16726	 
16929	 
17226	 
17300	 
17339	 
17344	 
17423	 
17929	 
17996	 
18113	 
18254	 
18294	 
18319	 
18333	 
18403	 
18468	 
18557	 
18944	 
18976	 
19039	 
19164	 
19201	 
19317	 
19408	 
19494	 
19552	 
19729	 
19749	 
19898	 
19911	 
20140	 
20265	 
20368	 
20534	 
20592	 
20790	 
21037	 
21280	 
21322	 
21530	 
21704	 
21827	 
21948	 
22077	 
22384	 
22389	 
22391	 
22394	 
22395	 
22453	 
22592	 
22853	 
23264	 
23306	 
23309	 
23335	 
23547	 
23615	 
23675	 
23877	 
24031	 
24074	 
24150	 
24747	 
24756	 
24807	 
24930	 
25256	 
25395	 
25498	 
25760	 
25915	 
25952	 
26118	 
26139	 
26229	 
26308	 
26392	 
26485	 
26489	 
26544	 
26555	 
26701	 
26716	 
26829	 
27051	 
27175	 
27280	 
27295	 
27421	 
27452	 
27561	 
27905	 
27942	 
27993	 
28815	 
28848	 
28926	 
29058	 
29129	 
29279	 
29338	 
29485	 
29514	 
29556	 
29668	 
29949	 
30549	 
30616	 
30845	 
31341	 
31475	 
31770	 
31904	 
31930	 
31935	 
32107	 
32426	 
32746	 
